2
70
6213 7592 9477 5257 5997 9776 4461 7150 8665 8693 9180 9308 7383 6958 6298 8884 7834 6535 3451 488 1409 1613 2168 2442 3146 759 2034 2288 3202 2039 580 2259 2362 671 2453 851 4003 523 1586 509 2466 279 4167 1159 1504 3628 3594 286 1828 1470 560 3991 387 1893 3948 674 3651 3946 3105 3113 1706 3234 2460 3635 3243 2511 3912 1375 1463 958
1700 3907 419 3269 1916 2477 1509 1498 2156 3404 932 953 3888 2498 542 283 4093 4843 2662 740 2537 3200 3301 28 3967 1699 3677 2322 2953 1549 1467 210 1448 241 474 838 720 697 3022 1548 3195 3631 624 1512 3013 2458 3339 1148 1137 597 3421 501 3076 3067 136 1401 1022 584 1636 4182 1170 2295 4024 1236 4275 2188 656 2722 3999 28
1453 3296 3044 3602 3474 276 626 2323 3285 3144 3588 774 3801 3656 764 2350 1401 8229 593 556 2511 3600 2584 1773 2995 3414 2402 2613 670 906 2840 1786 2533 1431 4032 2290 3995 39 694 919 2229 1823 3644 3622 3714 1018 838 2084 2057 2007 3803 4071 3312 1322 3364 1570 1277 2808 2 2092 608 2774 3977 2042 1472 352 1818 3268 2157 2065
3716 2664 1324 1961 580 3831 3686 2588 2723 2510 1495 775 3184 2657 1093 1537 3549 9293 2694 495 1910 560 2051 4042 1842 4116 3965 1809 3184 3957 1814 872 2182 3652 3582 1054 3861 386 420 849 3464 3713 2621 1233 611 93 1066 259 208 1191 3657 838 3872 1280 166 2254 3240 1223 285 2826 2369 2016 3961 1286 2608 3337 1689 1771 394 3105
3205 871 3773 703 33 3124 3478 1231 1578 3608 1791 955 9076 8789 6533 9009 6328 5830 4766 9975 7612 8603 9428 9802 4902 6620 9793 9014 8976 6983 9111 8019 5615 5609 9678 8821 9699 9546 8315 9563 5294 8733 4577 9425 5030 7950 6428 2710 3156 3961 789 3136 207 405 3047 1089 3820 4304 172 3837 2216 1706 2548 774 1540 2325 4174 1189 1599 2701
1684 769 2735 316 621 1048 2038 1806 3704 4200 57 1761 4306 4280 3392 186 605 1190 3519 1822 2948 2332 2394 376 3729 1447 4030 1227 2616 2894 1362 131 140 3772 1123 67 2157 1571 2026 1392 1845 99 2060 2843 379 471 6663 3393 1410 1349 2835 1599 3225 3489 535 2662 718 3618 196 1966 1454 625 3477 2094 2379 1178 165 2640 3644 4266
202 1497 3122 2947 2820 2473 1633 1499 2634 3283 3412 4075 9489 9557 7735 7270 5862 8109 5954 9655 4624 6894 4429 6070 8016 7162 7378 8093 8576 8146 6614 9306 8382 9026 6573 6774 4347 8620 7434 5754 6812 9082 5603 6535 6095 6362 8566 1365 2662 553 2860 1271 897 24 1584 248 234 3833 1258 325 3117 3254 1320 2052 3349 3700 4206 2891 47 222
3143 768 3742 3362 286 3766 3999 3355 1264 1064 3280 3202 7880 685 3343 139 3375 881 3780 3592 2429 702 650 2004 3526 2317 3897 763 1086 486 4259 67 704 2807 2107 4293 3950 2347 243 2929 60 3106 1546 2382 2530 2104 1037 1422 2678 1231 3541 166 833 52 438 1890 2075 2162 3821 3794 869 192 1170 3970 705 8 4156 2035 850 548
1396 787 1702 3442 714 2643 573 3026 4177 3436 2557 1897 9923 9007 8109 9694 7679 6198 8020 4667 5548 8873 5873 6307 4642 7155 5027 9423 7189 7331 8468 7911 5376 4967 4632 7709 4486 6139 7769 9601 4870 5742 8995 9027 5664 8175 9979 3822 623 2892 2308 2137 3901 3227 2615 3665 4012 2386 1680 3253 2939 1725 1514 2802 1256 2099 2681 1197 392 2760
64 2443 4007 2419 3269 1330 51 3588 2457 3300 3003 1213 3450 3071 3442 534 3143 2742 1460 2920 1772 295 27 1143 4020 3194 1254 3125 1014 2267 1464 2107 609 2216 942 2837 1322 4063 843 475 2988 685 1012 4178 2086 4145 9387 1819 938 3128 152 2342 2786 1978 909 1157 1233 2631 1552 2424 1943 1801 3172 1055 2980 553 261 2525 3213 2182
3467 1266 2142 2049 3987 1695 1356 3863 3925 2271 127 3876 6239 8022 9190 9326 5203 5751 7281 9132 4729 7919 4690 6218 9322 9867 8969 9727 5337 9355 6445 8585 6095 6216 8295 7658 7606 6010 6427 9187 8497 9063 7971 5600 5148 5933 5271 3153 2201 2366 4018 1890 3380 3534 722 808 4287 3084 3656 2073 2905 2450 352 742 31 3816 1796 3088 961 3520
3177 1949 2958 1425 1012 1837 446 1957 4241 2703 4036 2837 5745 1651 4010 3227 2154 254 153 355 3842 2694 1566 4001 1835 704 3236 631 1509 746 3141 1840 622 2735 934 1164 3429 4208 171 826 3307 1649 196 2631 3081 389 1364 731 2586 4287 1372 1615 470 3070 3443 1102 1600 398 2871 2929 269 1301 639 3595 2056 1034 95 1452 4095 2832
2784 4037 1729 1765 4212 1522 4200 3685 3680 542 2892 542 6744 9071 8652 6677 7551 8296 4806 9679 9175 4568 5684 6701 5050 9508 6646 9329 7311 5950 6114 6437 9771 8017 4587 6627 4614 9798 5348 5958 4566 4331 6320 7549 5589 4445 7106 2449 328 2361 3898 2530 3314 3091 3435 676 3064 1912 2312 1799 1993 2876 431 3580 2790 1827 787 261 2938 2121
2359 3770 3317 2739 2805 4012 3587 11 151 399 3983 259 2957 2072 3565 1483 2542 3878 1938 1129 1247 2486 830 3282 146 2637 3309 3814 3611 2001 4224 2782 3631 3216 154 1016 3950 1203 1296 3419 2570 3407 912 1658 1778 1595 7408 1724 534 1194 2292 3016 83 1912 3042 2649 3727 3905 1438 2050 3580 976 3859 3339 201 182 1647 2429 99 1022
988 4070 519 2886 188 759 378 2023 3359 4179 3439 1458 4701 7007 7186 9959 7513 4459 4332 5060 5665 9201 8089 6438 9437 6374 6151 7377 6318 8653 8630 6770 9593 4730 5976 4814 7360 9549 7715 5547 8873 7800 6448 6126 6475 5724 4396 1742 3628 2206 1876 3197 3623 39 2294 3091 247 2180 3851 4217 3353 2960 2640 1518 1023 2732 2357 1967 1159 3082
2940 2505 2871 4286 987 2736 727 1801 413 917 249 1259 6456 98 1954 3916 3273 3233 3820 2789 3105 3734 3749 828 2551 1881 1312 3123 4157 454 2531 1305 2934 3244 1012 617 4226 1335 2254 273 1939 2392 1533 4271 265 1601 2933 849 743 1215 1275 610 23 4118 3774 1212 4184 2431 2404 1098 3501 3954 2414 2449 3380 1605 2916 4052 1825 3883
429 1325 1513 3066 2904 418 2226 2324 967 965 309 755 6488 6402 9036 7109 8547 5289 4776 8996 6354 7100 8680 6213 9417 7270 5227 6453 6374 6626 8159 4554 9996 9132 5478 7819 7711 9029 6738 9157 6840 6057 8780 9014 5294 9066 8570 443 2765 1781 4079 3331 1619 1606 2577 4029 2555 3517 795 200 447 3303 301 2595 4167 3707 2139 2296 4100 2054
2271 1194 1639 2662 3986 2782 1366 434 1008 1978 2528 2737 651 4116 3666 1761 2594 1032 2669 266 2463 2202 3532 3928 1560 3858 4136 4170 2229 1909 120 2564 29 4025 1919 3735 2646 1710 457 3391 2415 2309 1420 2273 1883 3693 7304 1677 626 1449 541 513 4218 1405 271 926 2663 2320 3075 1978 3669 4001 1088 967 1694 1273 3068 3456 699 4144
4156 3633 2296 2075 2631 1228 229 2544 2232 414 3309 2501 9400 5675 9423 8022 6443 5160 8652 6855 7530 6476 8752 6477 9934 7460 4515 5983 8449 4678 5200 9171 8619 5173 8237 9388 9496 7190 8335 7984 5320 7568 7556 9478 6354 9211 9670 3586 7 90 3670 4070 1738 1320 3850 3324 2333 3860 178 3595 24 3966 2155 1859 4180 3634 2142 2485 3463 2344
3979 3403 3390 445 1552 2210 3789 2848 3375 691 1777 2247 7117 2428 889 3476 2013 4015 2987 1315 3129 1191 3855 404 2735 1871 3892 2702 112 639 2930 824 2725 3389 2181 876 806 147 2559 2148 1540 2857 1791 1002 3145 876 4117 415 2625 270 2670 1923 402 3867 1962 4236 1257 804 938 1228 2197 1949 1148 2824 2223 4168 3600 609 4048 1799
250 1448 3038 2121 112 4112 3364 2578 362 1073 1497 1746 8936 6865 9299 4382 8902 6377 6102 6715 7889 5505 6118 4370 7873 9682 6247 4998 6442 6023 5398 5437 8194 8154 9989 6996 6879 6527 8356 9094 5830 7784 8489 7945 7215 8081 4640 457 1314 2841 2783 774 3422 2476 1123 3066 1877 2960 2709 552 231 3809 4113 3921 1566 2010 3198 809 872 2658
1714 3041 2808 3538 27 3785 377 1760 548 978 3513 1805 1214 4039 3248 528 1853 1268 2547 2343 973 1184 4290 190 759 2442 3950 1518 98 1584 3873 4236 3787 2044 333 2131 1206 2772 1223 355 3832 2294 3893 3530 2904 3979 5677 2034 221 2472 776 2505 4286 3745 4131 3162 1155 1360 2089 1949 606 472 135 1250 3590 2024 2653 123 2230 546
3077 4104 2839 4258 2610 2359 1163 4176 2226 1527 860 2838 7325 7180 8533 8968 9475 7809 9820 7280 7480 8303 4743 6531 8885 5433 6705 3151 5681 4943 5503 6519 6484 7265 9575 4421 5770 6064 6953 7013 8901 8432 6936 6455 7516 8391 6051 2085 117 1244 1204 2570 2646 78 1991 1691 2549 2386 348 2572 582 3916 684 4154 1198 1694 537 3225 1260 2602
2303 1377 477 605 2843 3937 9 3708 4095 286 3721 1266 8912 2557 2973 1169 964 2000 1597 638 2439 2392 158 3236 2968 2267 2114 3227 592 1674 313 2651 598 270 1057 605 3075 292 2454 1893 1533 26 1693 1845 3047 2500 2726 3853 2614 1387 1702 654 4005 1868 1517 1557 438 1216 2202 3308 1683 1311 2109 2180 2551 378 447 4294 56 757
1017 4207 1755 35 1145 329 3192 486 1066 2027 3258 140 9742 6414 6185 6951 6932 9189 7976 7149 5621 6726 7472 8680 9264 4686 8193 4677 4544 6777 5553 8922 9883 6001 5342 2250 9282 6961 7233 4391 9694 5645 8513 4116 7535 9508 9223 3685 1739 1146 2920 1038 1993 2778 4104 2332 4175 784 540 1925 2287 1497 4060 2035 228 455 3139 816 3752 2258
4080 1600 770 619 2879 4056 2995 2331 4083 1188 1824 2613 3374 3522 646 3513 816 4068 904 3561 2870 1502 2325 3531 1379 3707 562 3405 3759 3748 1802 3360 2606 1865 1978 820 3258 4010 252 837 137 261 1865 605 2412 1099 7643 3233 519 3623 3928 1238 2513 1599 1285 2239 627 3722 3117 206 103 1906 2120 505 1716 3437 2174 2562 3796 549
2111 1683 2154 3237 4066 2550 1868 877 3814 10 988 3005 5487 8332 7033 7886 5541 9488 6741 5325 9978 5180 4492 6315 5311 8354 4813 8218 6960 5250 7987 5672 9750 4739 4994 8832 7306 5312 9234 9547 6564 6416 8937 5011 6084 8561 6201 3814 3153 2238 55 2098 3317 3010 1966 3773 1005 2626 1726 3461 1143 1978 2044 4234 3467 303 1888 1608 2816 3553
835 610 4097 3444 112 1443 306 3019 379 3011 559 2637 9522 651 1854 4247 1525 3656 731 2845 2683 2377 3116 3404 30 3966 1622 3800 3990 1181 3996 2640 1982 4035 1422 3537 220 1814 2727 1583 1697 2236 837 338 3782 310 2108 2006 3317 423 3904 4284 3656 656 4162 3998 3691 3567 2361 976 3119 2684 268 3407 1705 1825 2417 87 3866 3917
3574 2334 2750 102 2956 830 4241 3850 403 3153 1766 2605 6864 4557 4324 4766 6480 7680 5239 8791 9505 5104 4633 9680 6276 7483 8069 6430 8756 4572 4437 7008 9496 7589 7612 4477 7671 8501 7949 7912 8382 9744 4860 7340 5792 7636 4870 924 1051 4038 445 1744 1975 386 1986 2407 1369 1476 2921 2963 932 1252 1369 2185 3219 606 3133 3187 923 2706
1510 3738 477 4034 2190 3679 1918 3570 3823 614 2880 950 4176 312 2478 1711 2933 465 909 891 1104 2299 3345 2047 2478 1398 169 3181 559 3599 1555 70 3558 2492 1484 4207 2522 1668 4140 2289 1625 3043 2607 4145 1213 347 5587 4300 1333 3190 1660 1279 1384 2994 3909 2690 1912 2725 3889 1737 1057 3434 1126 3502 3310 2939 3080 1766 1843 1096
2335 1757 3072 1132 872 569 3142 4224 3739 3407 4048 2549 7016 4448 7839 9588 7055 9794 5171 5262 7730 6770 5253 9022 6796 5273 5774 8200 6772 9452 6572 6799 8090 5662 6419 6256 9652 9535 1246 8388 8872 8266 6141 7706 5473 6115 5081 2642 262 117 241 4084 2664 2310 757 2106 1888 2704 1869 413 1966 3810 3076 4090 676 274 1570 3487 3227 2189
150 2535 1239 1186 958 3181 309 2149 3966 2518 1908 145 6233 1372 2789 981 1494 2519 1956 2072 781 2237 2259 2391 421 3515 3033 3382 687 2793 3565 1271 3925 521 2467 48 1545 2403 2566 2256 420 4298 3530 268 4233 837 1310 2592 952 3977 4063 3423 3695 3618 297 1109 662 974 1580 4081 354 2428 863 2327 1248 3978 551 4000 742 1123
1657 3572 503 1228 3871 1402 1636 541 2219 1498 484 1280 8779 5424 6109 7748 6727 7802 9875 7007 7729 7131 8396 9778 9880 8470 7657 6942 8466 5239 9223 9154 7682 7833 5136 7502 4462 6395 4514 8883 5404 8061 8750 8916 8751 4518 9514 2672 1077 607 1856 4073 1697 1816 3422 1548 1485 1134 3619 2223 1392 2847 3454 1574 2373 4177 2702 1260 3702 2373
3475 1330 4065 4010 3279 4038 2106 136 3963 1986 1878 1779 1179 3153 3473 2934 3342 3916 993 31 2008 3058 325 1873 3650 4246 2187 3780 1992 1126 3747 2537 517 1497 499 2620 3035 2366 1530 3442 2681 33 3288 474 1666 1477 9308 3750 3241 4067 2602 282 799 2397 1080 608 1942 512 1360 1866 3935 2060 1772 156 4227 2358 2306 4063 3581 2784
3687 1220 2584 1748 2915 1608 743 1512 3107 4012 1389 417 6415 7490 9042 5805 9235 8543 5638 4983 9045 8374 9764 5054 9174 8681 9183 9057 8812 9657 5325 6624 9272 8314 8041 9317 6055 6170 7548 7201 5360 8522 6060 4516 6264 8550 8228 387 3403 1032 145 4036 4031 2 3579 1890 1574 3985 681 2874 1532 2022 2326 3987 3592 2048 1164 1367 3111 678
613 467 3892 2598 3193 2060 1097 1361 974 3778 3591 3604 7110 3646 2323 1515 3889 3819 560 2645 643 2953 2652 2513 4084 3901 4234 1541 3482 2311 768 2918 2947 3514 4232 138 904 3021 3609 4295 2470 4038 3257 4154 4258 3215 287 3385 1223 395 4052 388 3089 3615 406 211 269 3504 45 2587 3086 4126 4123 2780 2651 1130 1351 2175 2684 740
2755 2047 3362 1843 2736 2132 669 3213 1916 1038 1677 3574 6059 4591 6614 6342 7022 5256 5744 4341 4849 9868 4347 5603 6380 8681 4603 4708 7230 9178 9148 5431 5883 5782 7538 9092 8282 6782 5207 6101 7827 9295 8884 5403 4510 7794 4907 482 2691 1796 3909 1438 3599 4063 2865 768 2904 3083 3440 4215 1532 4124 3821 3395 2218 289 3800 1368 3032 2488
268 2964 3892 442 1567 2299 2765 3639 2656 644 3802 2104 2888 2820 887 1368 1891 2414 1599 3088 628 1056 365 290 453 1377 2752 2654 1279 301 1045 969 825 3805 2408 2875 3746 3967 2545 2543 381 2498 1713 264 2385 2705 4771 4286 2622 3693 2812 906 985 2461 3780 1536 2117 3414 1808 3451 2416 1550 389 262 3369 3994 880 3961 756 4216
1526 159 169 322 800 3442 16 2353 668 1015 3648 1990 6387 4615 4978 9084 5800 4943 9781 6290 6351 6882 5966 7946 7580 6027 5188 9680 7863 7630 9719 9814 5616 7775 8893 4799 9140 8237 5470 6022 9721 9158 5390 5259 9533 5026 7573 1342 1507 1426 1607 411 4 1991 2942 1963 3433 2800 3480 3181 1493 2326 608 1644 597 1399 819 1691 3711 1738
1819 1552 2841 4168 4208 1706 63 3906 3839 1280 1253 4124 2835 932 1038 3316 3428 3641 1762 2978 3563 2519 2423 2099 2159 2386 92 1853 2579 1146 3342 983 2651 341 4276 9066 3966 1222 2127 1155 3622 2204 1816 2865 1841 2258 1626 3180 1244 1250 1413 2207 193 2469 2861 924 2890 1716 2987 1712 3681 510 2070 3439 2114 2988 1492 596 2792 2545
3369 394 3929 689 2021 3164 4267 1288 3206 3799 2477 2177 975 2106 1240 4188 1486 79 3107 2476 1255 64 1869 3788 1000 2094 3385 1138 2602 3529 2368 1636 4200 784 1193 8234 1795 1469 1351 2161 392 2291 2546 1646 3372 2458 3149 2985 1392 3597 4291 2767 925 2547 2667 2308 3510 1075 2899 34 1125 739 1511 4296 4017 2310 3356 4195 777 3034
1404 2120 84 3635 2324 1217 1404 2108 2831 300 681 2735 1239 2654 1742 3555 1286 3317 701 2996 3380 3274 4248 3716 914 200 3835 2533 3055 667 2787 2198 4107 4104 3681 4489 2069 1120 3482 1810 2598 1350 66 704 3073 4262 198 735 2793 1398 1672 1698 3796 2934 4077 1441 2784 4219 2945 750 2836 4193 2356 356 1075 683 1413 1733 1631 980
2571 2536 3532 2618 908 2433 2474 1912 2024 1683 1452 1920 3513 158 2578 1532 1632 2389 2558 1905 1521 2422 383 858 2303 2992 2055 684 3206 288 25 1545 1521 2618 3260 7961 3958 853 1647 704 498 3818 2329 3176 627 2255 183 265 599 4279 2169 3760 1332 2204 1032 2059 30 3635 1386 2317 1754 3049 1956 507 835 935 4237 3403 3387 3209
817 3205 1593 842 3036 4229 1915 3047 1054 3211 920 2925 3804 138 1116 2983 3726 1569 4035 2966 1408 2637 3984 185 3493 3423 3183 2955 1906 2127 402 2694 1448 3735 3859 8345 788 3525 1810 1567 1559 1033 3630 1728 2169 3713 1361 1413 2598 3403 3802 3054 523 2701 2257 3115 2202 497 713 2678 300 711 3330 2799 2126 1338 2553 1638 4033 2050
1842 3414 3100 2131 3521 2239 3702 508 1408 1991 3972 2547 1022 789 3650 25 1817 2064 4182 2098 3330 32 2637 948 2243 1626 2292 3830 2809 2060 3225 4021 2871 3772 455 6183 1256 105 2937 2169 2068 4129 1102 3177 2739 325 3001 1997 2422 2593 450 4015 2642 3719 2348 1980 893 2744 568 3537 1690 1526 1010 102 2812 967 1908 3224 342 4072
60 3330 2194 2816 3034 481 1519 367 4064 3104 1807 461 3108 3282 612 1988 2491 2869 2738 3013 200 1207 3167 1016 1883 1076 1136 2236 3971 1642 3696 511 156 693 3822 5629 3142 4110 637 1297 133 3635 3134 629 2572 636 3657 3728 3794 2795 3910 878 3659 4308 3592 4045 326 1581 24 1032 4124 2099 3736 514 2005 3981 1616 4275 1745 23
3519 3717 1179 2703 91 3575 140 3806 2892 3530 1360 698 1437 4294 1300 1885 3880 199 4011 115 4239 850 3773 577 4161 3987 3542 4274 65 1404 2557 2778 1162 1261 3965 9309 1426 2968 302 2103 2455 2846 2436 2600 2624 1281 4293 1838 1963 1137 2305 1995 4052 2907 3295 1289 3956 25 2457 2916 416 3916 485 866 1663 3002 2750 3457 2259 890
2964 758 943 3056 14 2206 913 3065 2384 265 2738 2072 636 1819 1031 1077 3447 236 18 3294 1933 808 3617 2973 4012 658 3471 72 4042 2724 1767 260 2486 2547 1693 8489 2513 1761 1874 892 621 3076 3492 1268 1866 2540 138 3373 3660 2990 1774 4169 3802 919 2412 1335 1574 3043 2668 2538 1713 3129 1064 2430 1276 2367 2692 1957 1556 51
3318 2310 1163 1829 2285 2000 4005 1424 4062 1213 980 468 608 2569 3786 1934 2958 1801 3826 429 401 3875 3538 3407 3873 3347 3976 3864 557 4220 3557 520 1293 2657 1425 9053 2183 3822 826 4260 1272 418 1538 3610 2531 124 459 2720 2607 923 918 304 3678 2415 3134 1921 104 839 1517 1734 2039 700 3845 1812 3703 816 2096 2239 4134 481
572 283 2190 1463 3089 190 2000 3020 356 57 827 1217 1413 315 3768 2239 1635 35 953 2513 3632 1114 4128 581 460 531 487 3635 229 4170 3064 4125 2888 3259 1051 6389 3384 2835 3565 3760 3109 2122 72 2999 1248 2145 2127 1092 1193 3254 523 3271 4077 3214 901 513 4142 4125 2355 2537 3358 2545 2743 3617 1086 3426 4129 2066 3396 1106
4088 2193 3593 3244 3807 1488 2264 3626 3989 2449 3635 3851 3642 2584 1093 3124 3359 2218 1713 767 2597 1807 3127 1384 166 1964 2528 3226 3966 4176 335 2754 2382 3758 3647 5026 4300 4019 1593 1013 3392 798 787 1099 133 869 3717 3727 1773 2422 4103 4040 1127 1196 1906 1974 3712 1665 1100 1074 467 1097 3165 1771 1822 3497 3301 143 3779 3416
2486 2029 2699 1949 3200 675 1308 2731 1617 191 1187 1030 3591 387 41 1274 4136 1459 1235 1965 3985 1605 2225 353 589 1767 432 3775 2278 1185 2773 3653 3387 2245 3549 9005 4172 1661 2411 3622 2651 2217 1638 1850 1108 4012 2994 1679 2751 1233 2189 1664 3976 3415 508 1581 940 3840 3620 362 1937 2806 1015 1227 3373 1201 2015 2062 3592 687
2098 783 1832 2615 3814 1638 1603 2382 44 2724 3837 3612 2349 60 2152 3668 3475 480 3849 1345 1066 2736 3017 2976 3965 617 417 3355 2562 82 2446 1615 3130 2156 3760 8721 4040 700 2195 2123 2998 2041 1743 3238 2582 3846 2508 283 45 2886 1728 4190 2514 231 2239 445 1623 3863 3132 4032 454 996 825 2945 1019 3242 3015 3807 1659 145
1877 2967 1519 2960 1239 705 437 3412 1423 676 527 2195 3477 3671 3271 2173 586 545 1380 1086 1211 4100 1266 1050 2256 1877 2939 1684 1113 2912 1278 1147 1973 381 127 9453 505 4124 3945 2176 1966 4262 775 2013 1642 214 2444 3001 4225 3639 3532 3262 4262 3522 2109 2935 957 2185 1802 659 1709 97 1412 3957 2165 2940 308 3832 50 4210
569 294 209 4238 449 3466 3603 3745 3684 3369 3419 3140 117 2491 416 3387 1267 2709 2779 3188 4214 3853 3370 3670 755 858 3679 3399 653 1664 845 2306 2679 261 612 5921 121 1031 3755 4240 1715 2120 358 339 3306 2136 2357 3269 922 1665 935 2730 1856 3126 3419 928 672 1080 3493 3821 2740 3694 906 221 3289 268 609 3236 261 3704
2886 111 301 1314 2098 1525 1787 1952 2778 2340 4230 676 4136 1610 1490 3735 3599 1669 3935 3532 4075 2486 4308 4263 3771 1381 3206 204 2502 4249 831 569 3671 15 1131 4438 1857 2248 1064 1445 3018 800 2457 1207 3919 1881 381 1441 1755 4244 177 4081 305 3122 3385 3310 2016 1929 1929 1419 1037 2780 3719 1076 989 2763 2599 3448 3548 2721
182 2233 1506 1909 3393 3659 4058 318 558 2873 938 3736 17 440 2564 231 2752 815 3231 3186 192 3889 2185 1203 1134 4194 2860 3568 696 4182 4257 3039 2626 1892 658 7005 1982 3282 1952 154 742 2268 427 495 1277 2571 2231 999 1401 3260 3357 1733 460 3904 4150 1305 2589 3303 17 590 1871 1472 3951 3110 2314 1731 3768 3103 17 766
2651 131 2396 3796 3358 4085 3605 923 1574 1760 1537 3071 256 713 3312 2172 1078 1654 3320 202 2606 3729 1337 2836 1650 1366 437 3905 2754 3867 1536 2933 2484 4260 2743 7922 2038 847 2679 3274 2968 37 838 1460 1448 370 642 129 4268 272 4265 3272 2399 1145 2830 1776 3955 2647 3212 2385 894 452 2822 2803 3438 494 3089 3931 4146 1143
3630 1740 2502 2532 342 4008 1166 3122 1860 65 3588 871 3332 3956 3558 570 1733 3057 1737 1631 220 796 2516 3455 36 1289 1033 2951 3856 1914 1640 4247 1703 1854 2797 7082 4297 1115 1473 2095 2646 1320 3714 495 3973 1071 3652 3060 2184 3967 1823 1901 2932 2741 3197 2674 1316 2370 223 3119 3729 1152 4170 190 2699 1964 4241 1604 1179 3265
1742 4216 3524 3773 3306 3755 3613 357 2899 354 1818 2294 563 3375 3458 1187 1937 1492 2630 493 3468 413 555 2991 444 3514 1854 3844 2899 2965 562 3547 2881 788 2 4681 4235 3275 2568 682 2681 1359 518 1008 18 2713 2608 2630 1091 266 3357 39 665 2719 3770 3085 1930 3773 3718 4253 2066 2197 1759 890 1586 1781 3349 3528 2052 347
918 3601 4070 2070 1221 3529 1924 1535 1409 563 4094 1859 1063 3831 3933 3214 1974 3109 544 2010 1735 1662 953 1599 1697 4174 562 2576 3708 850 2310 3669 3912 896 4088 6176 2145 196 2486 1323 3014 4246 1442 636 1225 2674 2123 4281 2982 2845 2076 1468 1320 2743 780 3258 472 927 1694 3257 2396 2131 3804 1974 3843 4033 1111 957 2671 3180
2319 2624 3181 4078 1756 1166 1817 3531 646 1382 3315 2634 606 4287 377 2536 3013 1750 2233 1611 3050 1102 341 3361 1781 2659 3233 1207 4283 3742 2757 3263 3768 2150 1178 9048 1683 3484 1684 1546 3619 2632 2905 2936 2123 2720 3057 844 1248 1829 3421 3211 484 3646 3824 2872 2008 1109 3207 1053 787 2622 1183 4256 3260 3757 1889 3782 3531 3737
4209 2422 449 2658 3778 213 997 2806 589 332 3318 959 318 982 3220 3604 17 1112 1249 3369 621 3868 908 746 650 3955 1350 2810 3393 493 3647 3195 1697 3552 237 8293 920 1013 13 1524 1808 1541 4310 4231 1589 3082 4089 780 2570 3526 3786 2532 4219 1990 3575 3841 916 2238 1599 2141 770 2340 2042 3234 2142 467 4177 2374 921 3187
4216 3011 2418 2725 1500 79 2451 1058 1593 3785 2672 792 849 952 2595 3767 642 355 2560 2917 1684 4298 629 1951 3561 1360 193 1538 2225 2146 2553 1806 165 3509 3726 4525 1996 2113 1590 2598 2036 2315 812 1221 1967 2632 1643 680 2630 2342 524 2222 2333 2505 1126 590 1940 3030 1878 1560 2540 3639 1196 3393 1701 3192 2215 3004 2987 972
3103 2197 927 258 45 1701 1490 2152 1110 856 1481 3750 3838 2801 1518 489 3111 2973 3636 3794 3866 397 2754 2357 879 957 106 3323 3217 2742 3128 3915 739 4213 351 5464 3433 644 655 764 1158 1777 93 348 3179 23 3749 4007 194 627 4193 2722 497 330 1275 1097 308 2061 553 2686 1101 232 4258 1787 2220 3052 95 2153 2065 2567
1018 3224 1613 2345 520 3299 4062 1233 4105 616 2432 1077 3529 2924 1240 3670 3300 426 502 2984 1202 1086 284 3407 3291 695 428 2633 417 1106 4226 2628 174 1219 1805 5842 1035 3049 710 4157 1746 3806 2932 3548 2943 799 2565 2837 3986 3460 770 75 318 2174 4196 3396 3332 1651 2441 380 2039 4220 2767 4237 3889 2605 417 2518 4146 2629
1563 2774 2730 294 3221 311 3842 678 1189 2328 650 3292 3756 3477 1592 3165 646 892 187 127 1016 4297 438 2913 3908 3713 3936 1927 157 3471 1749 2782 377 3333 677 7990 952 3711 1924 3325 638 3954 968 3033 3381 3686 380 1534 3803 210 1291 2375 1835 2564 3235 4061 908 1840 1255 3052 1185 3339 2591 913 1498 2403 1545 48 2414 3432
1773 1183 927 3649 1923 2427 713 70 516 654 1852 331 2961 2332 1006 3577 174 502 4221 832 1900 312 1460 1245 4274 1255 1187 1595 330 519 2891 257 2580 1404 3671 4042 4184 3925 3676 157 384 966 494 3651 2096 944 118 2658 3622 4014 4236 3195 761 3585 2716 1507 2609 1436 949 2152 3086 3925 3908 708 1314 3530 2184 1543 3785 3815
2544 1135 213 364 1172 2680 1672 1372 413 405 3765 1985 1564 3703 1323 2609 1888 3794 1262 817 2268 3205 3471 670 294 44 3853 2879 4272 161 907 4104 3917 501 3364 7009 609 80 416 2907 974 3946 943 1306 998 2467 1114 456 2116 3693 2289 803 279 772 3824 787 731 2137 2497 3847 819 110 2484 3350 598 2497 2464 917 692 1948
928 2085 3163 593 2581 154 2669 2914 519 2696 2635 137 2814 2864 1121 2025 1070 4303 3368 118 2416 3078 2044 2934 3715 3197 4260 3688 3620 2483 2706 1059 1565 1610 4306 7791 4672 9523 9623 5653 6585 7508 7950 4770 6660 4784 8935 6447 5625 6826 5980 5122 6880 7053 9350 7835 8695 6110 9765 5745 6048 7261 9915 7522 5751 6806 4483 6312 5409 9066

